coef-2025-1=81;80;78;74;69;63;59;57;58;63;70;77;81;83;83;80;74;67;59;51;42;36;35;39;47;58;69;80;89;95;97
coef-2025-2=95;89;78;65;52;44;45;53;64;74;81;86;88;87;82;75;66;56;45;35;29;31;42;57;72;88;100;108
coef-2025-3=111;106;94;78;60;44;36;40;51;63;74;82;87;89;88;84;77;68;58;46;35;28;31;43;60;78;95;107;114;113;105
coef-2025-4=90;72;55;40;35;41;51;62;72;79;83;85;84;80;75;67;57;47;38;34;37;49;65;82;96;105;109;105;96;83
coef-2025-5=68;54;44;41;44;51;58;65;71;74;76;76;74;71;66;59;52;47;45;48;57;68;79;88;94;96;93;87;79;69;60
coef-2025-6=52;48;46;48;51;55;59;63;67;69;71;71;69;67;64;61;59;59;61;65;70;75;80;84;86;85;81;76;69;61
coef-2025-7=54;48;44;42;44;48;54;60;67;72;77;79;80;79;76;71;64;59;55;57;63;71;79;84;87;87;83;77;68;59;49
coef-2025-8=40;34;34;39;48;59;70;80;88;94;96;93;86;75;62;50;44;48;58;69;80;87;91;91;88;81;72;61;49;38;29
coef-2025-9=28;35;47;62;77;90;101;107;106;100;88;71;55;42;39;46;59;71;81;88;91;91;87;80;72;61;49;38;29;27
coef-2025-10=36;50;67;83;98;108;111;108;98;83;66;50;40;40;49;60;70;78;83;85;85;82;76;69;60;51;41;34;33;41;54
coef-2025-11=69;84;97;104;106;102;92;79;65;53;46;45;49;56;62;68;72;75;76;75;72;68;62;56;50;45;44;48;56;67
coef-2025-12=77;86;93;95;94;89;82;72;63;55;50;47;48;50;54;58;63;67;69;71;71;70;68;65;61;58;56;56;59;64;72